#nages
8
#nyrs
30
#npops_EM
2
#nregions_EM
 1 1
#nfleets_EM
 1 1
#nfleets_survey_EM
 1 1
#npops_OM
2
#nregions_OM
 1 1
#nfleets_OM
 1 1
#nfleets_survey_OM
 1 1
#tsurvey_EM
 0.5
 0.5
#diagnostics_switch
0
#move_switch
2
#report_rate_switch
0
#natal_homing_switch
0
#spawn_return_switch
0
#select_switch
1
#select_switch_survey
1
#maturity_switch_equil
0
#SSB_type
2
#Rec_type
2
#apportionment_type
-2
#use_stock_comp_info_survey
0
#use_stock_comp_info_catch
0
#F_switch
1
#M_switch
0
#recruit_devs_switch
1
#recruit_randwalk_switch
0
#init_abund_switch
1
#est_dist_init_abund
1
#tspawn_EM
 0 0
#return_age
7
#return_probability
 1 1
#spawn_return_prob
 1 1
#do_tag
1
#fit_tag_age_switch
0
#do_tag_mult
1
#est_tag_mixing_switch
0
#sigma_recruit_EM
 0.55 0.5
#ph_lmr
1
#Rave_start
8.5
#lb_R_ave
2
#ub_R_ave
20
#ph_rec
2
#lb_rec_devs
-10
#ub_rec_devs
10
#Rdevs_start
0
#ph_rec_app_CNST
-4
#ph_rec_app_YR
-4
#lb_rec_app
-5
#ub_rec_app
5
#Rapp_start
0
#ph_init_abund
1
#ph_init_abund_no_ag1
-1
#N_start
8
#init_dist_start
0
#ph_reg_init
-2
#ph_reg_age_init
-2
#ph_non_natal_init
-1
#ph_non_natal_age_init
-1
#lb_init_dist
-9
#ub_init_dist
10
#lb_init_abund
-9
#ub_init_abund
10
#ph_F
3
#lb_F
-5
#ub_F
5
#F_start
-2
#ph_steep
-1
#lb_steep
0.2
#ub_steep
1
#steep_start
0.7
#ph_M_CNST
-1
#ph_M_pop_CNST
-1
#ph_M_age_CNST
-1
#ph_M_pop_age
-1
#lb_M
-5
#ub_M
5
#M_start
-2
#ph_sel_log
4
#lb_sel_beta1
-5
#ub_sel_beta1
5
#sel_beta1_start
0
#lb_sel_beta2
-5
#ub_sel_beta2
5
#sel_beta2_start
0
#lb_sel_beta3
-5
#ub_sel_beta3
5
#sel_beta3_start
0
#lb_sel_beta4
-5
#ub_sel_beta4
5
#sel_beta4_start
2
#lb_sel_beta1_surv
-5
#ub_sel_beta1_surv
5
#sel_beta1_surv_start
0
#lb_sel_beta2_surv
-5
#ub_sel_beta2_surv
5
#sel_beta2_surv_start
0
#lb_sel_beta3_surv
-5
#ub_sel_beta3_surv
5
#sel_beta3_surv_start
0
#lb_sel_beta4_surv
-5
#ub_sel_beta4_surv
5
#sel_beta4_surv_start
2
#ph_sel_log_surv
4
#ph_sel_dubl
-5
#ph_sel_dubl_surv
-5
#ph_q
1
#lb_q
-10
#ub_q
5
#q_start
-2
#ph_F_rho
-1
#lb_F_rho
0
#ub_F_rho
1
#Frho_start
-2
#phase_T_YR
-5
#phase_T_YR_ALT_FREQ
-5
#T_est_freq
1
#phase_T_YR_AGE_ALT_FREQ
5
#T_est_age_freq
2
#juv_age
2
#phase_T_CNST
-5
#phase_T_CNST_AGE
-6
#phase_T_YR_AGE
-6
#phase_T_CNST_AGE_no_AG1
-6
#phase_T_YR_AGE_no_AG1
-6
#phase_T_YR_AGE_ALT_FREQ_no_AG1
-5
#lb_T
-10
#ub_T
10
#T_start
-1.25
#phase_rep_rate_YR
-6
#phase_rep_rate_CNST
-6
#lb_B
-6
#ub_B
6
#B_start
0
#ph_T_tag
-7
#ph_F_tag
-3
#lb_scalar_T
-10
#ub_scalar_T
10
#lb_scalar_F
-10
#ub_scalar_F
10
#scalar_T_start
0
#scalar_F_start
0
#ph_dummy
-1
#wt_surv
1
#wt_catch
1
#wt_fish_age
1
#wt_srv_age
1
#wt_rec
1
#wt_tag
1
#wt_F_pen
1
#wt_M_pen
0
#wt_B_pen
0
#report_rate_sigma
0.1
#report_rate_ave
0.5
#abund_pen_switch
0
#wt_abund_pen
0.1
#Mean_N
8
#abund_dist_pen_switch
0
#wt_abund_dist_pen
0.1
#Mean_N_dist
0
#move_pen_switch
1
#wt_move_pen
1
#Tpen
-1.25
#sigma_Tpen_EM
0.5
#Rave_pen_switch
1
#wt_Rave_pen
10
#Rave_mean
8.5
#R_app_pen_switch
0
#wt_R_app_pen
0.1
#R_app_pen
0
#input_weight
 0.4 0.75 1.5 3 5 7 7.5 7.7
 0.5 0.65 2 4 5.5 7.2 7.9 8.3
#input_catch_weight
 0.4 0.75 1.5 3 5 7 7.5 7.7
 0.5 0.65 2 4 5.5 7.2 7.9 8.3
#fecundity
 1 1 1 1 1 1 1 1
 1 1 1 1 1 1 1 1
#maturity
 0 0.1 0.3 0.5 0.95 1 1 1
 0 0.05 0.25 0.4 0.9 1 1 1
#prop_fem
 0.5
 0.5
#OBS_rec_index_BM
 10726.4 2465.75 7204.39 19446.4 14710.8 9432.8 4052.45 4010.82 4638.27 8517.74 690.594 1799.63 3415.09 2359.69 716.434 2586.79 703.324 1376.9 1000.7 1324.01 934.302 379.601 4103.02 2202.55 659.663 2579.94 3929.06 790.168 3420.73 13635.2
 2852.65 1919.95 10592.3 6975.72 5705.35 1484.21 2602.33 2900.88 3923.32 1596.51 1394.83 1318.55 4335.82 2377.18 3017.59 1333.8 506.501 1337.39 2705.78 3486.56 1372.17 1086.77 2334.79 1294.32 1070.21 3816.94 3955.27 2438.79 1489.81 1657.77
#OBS_survey_fleet_bio
 63.2682
 62.8491
 57.2668
 63.1851
 44.3436
 63.0279
 45.7898
 39.5496
 34.3201
 19.6768
 26.4793
 20.4435
 19.0015
 11.7613
 12.7527
 10.4525
 7.69772
 14.3134
 7.7446
 10.466
 12.0105
 9.27091
 10.0775
 10.2875
 12.4851
 26.4984
 13.7561
 21.46
 17.4055
 24.2559
 30.5897
 27.4086
 46.557
 45.3902
 29.4149
 30.5682
 24.2923
 21.2008
 17.9792
 16.2159
 18.6582
 15.5396
 8.55211
 6.25416
 6.54952
 7.93327
 5.75516
 4.87203
 4.72462
 5.93653
 4.35409
 5.03925
 7.95374
 6.34808
 7.10101
 6.99351
 8.55043
 15.14
 10.7734
 8.23244
#OBS_survey_fleet_bio_se_EM
 0.2
 0.2
 0.2
 0.2
 0.2
 0.2
 0.2
 0.2
 0.2
 0.2
 0.2
 0.2
 0.2
 0.2
 0.2
 0.2
 0.2
 0.2
 0.2
 0.2
 0.2
 0.2
 0.2
 0.2
 0.2
 0.2
 0.2
 0.2
 0.2
 0.2
 0.2
 0.2
 0.2
 0.2
 0.2
 0.2
 0.2
 0.2
 0.2
 0.2
 0.2
 0.2
 0.2
 0.2
 0.2
 0.2
 0.2
 0.2
 0.2
 0.2
 0.2
 0.2
 0.2
 0.2
 0.2
 0.2
 0.2
 0.2
 0.2
 0.2

#OBS_survey_prop
 0.0133333 0.126667 0.306667 0.153333 0.1 0.126667 0.0733333 0.1
 0.00666667 0.1 0.253333 0.226667 0.153333 0.0933333 0.0666667 0.1
 0.02 0.0666667 0.28 0.213333 0.186667 0.0866667 0.02 0.126667
 0.0133333 0.193333 0.146667 0.24 0.146667 0.06 0.0933333 0.106667
 0.0333333 0.226667 0.246667 0.14 0.14 0.06 0.0266667 0.126667
 0.0266667 0.26 0.226667 0.213333 0.0666667 0.0333333 0.0533333 0.12
 0.00666667 0.126667 0.36 0.206667 0.113333 0.04 0.0666667 0.08
 0.02 0.22 0.166667 0.273333 0.186667 0.0666667 0.02 0.0466667
 0.0133333 0.133333 0.34 0.206667 0.153333 0.0666667 0.0333333 0.0533333
 0.0333333 0.146667 0.373333 0.22 0.12 0.0533333 0.02 0.0333333
 0 0.226667 0.26 0.28 0.166667 0.0133333 0.04 0.0133333
 0.0266667 0.0333333 0.406667 0.26 0.153333 0.04 0.0266667 0.0533333
 0.02 0.146667 0.133333 0.36 0.173333 0.0933333 0.04 0.0333333
 0.0466667 0.2 0.253333 0.16 0.186667 0.0666667 0.06 0.0266667
 0.02 0.226667 0.426667 0.14 0.06 0.08 0.02 0.0266667
 0.02 0.08 0.506667 0.286667 0.04 0.0133333 0.04 0.0133333
 0.0133333 0.153333 0.32 0.326667 0.12 0.0266667 0.02 0.02
 0.00666667 0.113333 0.466667 0.173333 0.133333 0.0733333 0.02 0.0133333
 0.0133333 0.0933333 0.206667 0.446667 0.0933333 0.0666667 0.06 0.02
 0.0266667 0.186667 0.3 0.22 0.146667 0.0533333 0.0466667 0.02
 0.0333333 0.166667 0.36 0.213333 0.1 0.0666667 0.0133333 0.0466667
 0 0.166667 0.413333 0.26 0.0933333 0.0333333 0.02 0.0133333
 0.0933333 0.08 0.346667 0.3 0.113333 0.0466667 0.00666667 0.0133333
 0.02 0.406667 0.186667 0.18 0.14 0.0266667 0.0266667 0.0133333
 0.0266667 0.14 0.473333 0.0933333 0.14 0.0533333 0.02 0.0533333
 0.0333333 0.1 0.22 0.4 0.1 0.0666667 0.04 0.04
 0.00666667 0.193333 0.246667 0.18 0.26 0.0466667 0.04 0.0266667
 0 0.106667 0.433333 0.22 0.0733333 0.12 0 0.0466667
 0.02 0.06 0.32 0.333333 0.126667 0.0533333 0.06 0.0266667
 0.0666667 0.153333 0.22 0.2 0.24 0.04 0.02 0.06
 0.0133333 0.113333 0.18 0.3 0.146667 0.133333 0.0666667 0.0466667
 0.00666667 0.0666667 0.173333 0.273333 0.186667 0.153333 0.0333333 0.106667
 0.02 0.0733333 0.146667 0.173333 0.253333 0.0933333 0.113333 0.126667
 0.04 0.14 0.14 0.16 0.146667 0.16 0.08 0.133333
 0.0133333 0.126667 0.286667 0.16 0.146667 0.1 0.08 0.0866667
 0.02 0.126667 0.313333 0.24 0.0933333 0.0866667 0.0533333 0.0666667
 0.0533333 0.04 0.286667 0.333333 0.186667 0.04 0.04 0.02
 0.0266667 0.12 0.173333 0.28 0.18 0.106667 0.04 0.0733333
 0.02 0.106667 0.306667 0.113333 0.253333 0.1 0.0466667 0.0533333
 0.0333333 0.1 0.3 0.306667 0.0933333 0.0666667 0.04 0.06
 0.0333333 0.16 0.366667 0.146667 0.16 0.04 0.0333333 0.06
 0.04 0.0533333 0.38 0.193333 0.186667 0.0666667 0.0266667 0.0533333
 0.0733333 0.113333 0.153333 0.32 0.153333 0.0933333 0.0466667 0.0466667
 0.0533333 0.26 0.306667 0.08 0.153333 0.0733333 0.0533333 0.02
 0.0266667 0.22 0.426667 0.14 0.0333333 0.0933333 0.0333333 0.0266667
 0.06 0.24 0.286667 0.253333 0.113333 0.00666667 0.0333333 0.00666667
 0.0133333 0.253333 0.226667 0.253333 0.2 0.0133333 0.0133333 0.0266667
 0.0266667 0.133333 0.48 0.193333 0.12 0.0466667 0 0
 0.04 0.166667 0.2 0.353333 0.153333 0.08 0.00666667 0
 0.153333 0.186667 0.2 0.16 0.193333 0.04 0.04 0.0266667
 0.0466667 0.38 0.233333 0.18 0.0466667 0.1 0.00666667 0.00666667
 0.0533333 0.1 0.54 0.2 0.06 0.0133333 0.0333333 0
 0.0333333 0.153333 0.173333 0.426667 0.16 0.0333333 0.00666667 0.0133333
 0.02 0.14 0.213333 0.2 0.286667 0.0933333 0.00666667 0.04
 0.04 0.0666667 0.433333 0.166667 0.12 0.126667 0.0333333 0.0133333
 0.0933333 0.226667 0.126667 0.28 0.113333 0.0933333 0.0333333 0.0333333
 0.06 0.286667 0.233333 0.173333 0.14 0.04 0.0266667 0.04
 0.02 0.206667 0.28 0.146667 0.14 0.106667 0.02 0.08
 0.0333333 0.12 0.273333 0.26 0.0866667 0.12 0.0666667 0.04
 0.0466667 0.113333 0.206667 0.253333 0.26 0.08 0.00666667 0.0333333
#OBS_survey_prop_N_EM
 150
 150
 150
 150
 150
 150
 150
 150
 150
 150
 150
 150
 150
 150
 150
 150
 150
 150
 150
 150
 150
 150
 150
 150
 150
 150
 150
 150
 150
 150
 150
 150
 150
 150
 150
 150
 150
 150
 150
 150
 150
 150
 150
 150
 150
 150
 150
 150
 150
 150
 150
 150
 150
 150
 150
 150
 150
 150
 150
 150

#OBS_yield_fleet
 8234.95
 10487.7
 11056.6
 13610.2
 11052.2
 8903.08
 14131.3
 8990.2
 9577.78
 9212.82
 7875.47
 6384.13
 7226.38
 5076.52
 4411.57
 4392.2
 3864
 3989.15
 3318.77
 2605.71
 2641.25
 2274.64
 1939.61
 2486.98
 2480.29
 1922.5
 1942.08
 3852.33
 3090.03
 1320.85
 10305.9
 11596.6
 11895.6
 12132.4
 9628.9
 12483.8
 12617
 12437.3
 11392.5
 8322.32
 9421.29
 7037.3
 7685.19
 4936.86
 5090.38
 5195.54
 4649.96
 3544.06
 4002.03
 2824.76
 3213.2
 2764.7
 4252.3
 3086.11
 4434.02
 2907.08
 1007.17
 3151.24
 4825.15
 1574.25
#OBS_yield_fleet_se_EM
 0.05
 0.05
 0.05
 0.05
 0.05
 0.05
 0.05
 0.05
 0.05
 0.05
 0.05
 0.05
 0.05
 0.05
 0.05
 0.05
 0.05
 0.05
 0.05
 0.05
 0.05
 0.05
 0.05
 0.05
 0.05
 0.05
 0.05
 0.05
 0.05
 0.05
 0.05
 0.05
 0.05
 0.05
 0.05
 0.05
 0.05
 0.05
 0.05
 0.05
 0.05
 0.05
 0.05
 0.05
 0.05
 0.05
 0.05
 0.05
 0.05
 0.05
 0.05
 0.05
 0.05
 0.05
 0.05
 0.05
 0.05
 0.05
 0.05
 0.05

#OBS_catch_prop
 0.0133333 0.06 0.0933333 0.26 0.12 0.246667 0.126667 0.08
 0.0266667 0.06 0.126667 0.246667 0.18 0.1 0.113333 0.146667
 0.02 0.00666667 0.146667 0.193333 0.24 0.16 0.0666667 0.166667
 0.0266667 0.0666667 0.0733333 0.226667 0.193333 0.126667 0.106667 0.18
 0.04 0.146667 0.0866667 0.133333 0.173333 0.106667 0.0733333 0.24
 0.0333333 0.133333 0.16 0.193333 0.08 0.12 0.0666667 0.213333
 0.02 0.06 0.18 0.28 0.166667 0.08 0.0733333 0.14
 0.0533333 0.0466667 0.08 0.28 0.26 0.14 0.02 0.12
 0.0133333 0.0866667 0.186667 0.16 0.226667 0.193333 0.0733333 0.06
 0.04 0.0466667 0.206667 0.3 0.113333 0.16 0.0866667 0.0466667
 0.00666667 0.12 0.126667 0.353333 0.18 0.08 0.0733333 0.06
 0.0266667 0.02 0.18 0.28 0.26 0.106667 0.0466667 0.08
 0.02 0.06 0.0733333 0.36 0.213333 0.146667 0.06 0.0666667
 0.02 0.16 0.12 0.186667 0.286667 0.106667 0.0533333 0.0666667
 0.0266667 0.106667 0.333333 0.2 0.06 0.166667 0.06 0.0466667
 0.02 0.04 0.306667 0.333333 0.1 0.0466667 0.0866667 0.0666667
 0.04 0.126667 0.166667 0.366667 0.226667 0.0466667 0.00666667 0.02
 0.02 0.0333333 0.293333 0.326667 0.173333 0.12 0.0333333 0
 0.0333333 0.0533333 0.0933333 0.5 0.14 0.113333 0.0466667 0.02
 0.0266667 0.12 0.193333 0.22 0.233333 0.0866667 0.08 0.04
 0.02 0.106667 0.22 0.273333 0.153333 0.133333 0.0533333 0.04
 0.0266667 0.0933333 0.253333 0.28 0.186667 0.06 0.0666667 0.0333333
 0.0733333 0.04 0.246667 0.32 0.18 0.0866667 0.0266667 0.0266667
 0.0333333 0.153333 0.126667 0.266667 0.24 0.12 0.0133333 0.0466667
 0.02 0.0866667 0.326667 0.14 0.213333 0.166667 0.0266667 0.02
 0.0666667 0.06 0.0933333 0.486667 0.06 0.0933333 0.0933333 0.0466667
 0.0133333 0.133333 0.16 0.2 0.366667 0.0333333 0.0666667 0.0266667
 0.02 0.06 0.266667 0.226667 0.0933333 0.193333 0.0333333 0.106667
 0 0.0466667 0.213333 0.346667 0.186667 0.0466667 0.1 0.06
 0.06 0.0666667 0.0866667 0.206667 0.306667 0.113333 0.04 0.12
 0 0.0133333 0.16 0.326667 0.18 0.14 0.1 0.08
 0 0 0.146667 0.28 0.273333 0.106667 0.0866667 0.106667
 0.00666667 0.0266667 0.08 0.226667 0.253333 0.18 0.106667 0.12
 0.00666667 0.0266667 0.12 0.226667 0.133333 0.193333 0.126667 0.166667
 0.00666667 0.04 0.206667 0.0933333 0.186667 0.16 0.166667 0.14
 0 0.0266667 0.34 0.266667 0.113333 0.106667 0.06 0.0866667
 0 0.00666667 0.173333 0.466667 0.18 0.0466667 0.0533333 0.0733333
 0.0133333 0.0733333 0.106667 0.326667 0.173333 0.18 0.04 0.0866667
 0 0.0333333 0.226667 0.193333 0.306667 0.146667 0.0333333 0.06
 0.00666667 0.04 0.14 0.373333 0.12 0.166667 0.06 0.0933333
 0.00666667 0.0333333 0.24 0.306667 0.26 0.06 0.04 0.0533333
 0 0.00666667 0.273333 0.34 0.213333 0.0666667 0.0666667 0.0333333
 0.0133333 0.04 0.126667 0.406667 0.193333 0.12 0.0333333 0.0666667
 0 0.0533333 0.226667 0.18 0.286667 0.14 0.0933333 0.02
 0.00666667 0.0533333 0.36 0.306667 0.0666667 0.113333 0.0466667 0.0466667
 0.02 0.06 0.233333 0.42 0.186667 0.0333333 0.0333333 0.0133333
 0 0.04 0.213333 0.4 0.24 0.0866667 0.0133333 0.00666667
 0 0.0666667 0.36 0.273333 0.193333 0.0866667 0.0133333 0.00666667
 0.00666667 0.0333333 0.26 0.38 0.173333 0.106667 0.0266667 0.0133333
 0 0.0666667 0.213333 0.266667 0.32 0.0733333 0.0333333 0.0266667
 0.00666667 0.146667 0.32 0.253333 0.133333 0.113333 0.02 0.00666667
 0.00666667 0.02 0.533333 0.226667 0.106667 0.06 0.02 0.0266667
 0.00666667 0.08 0.16 0.54 0.133333 0.0466667 0.00666667 0.0266667
 0 0.0733333 0.146667 0.293333 0.38 0.08 0.00666667 0.02
 0 0.04 0.346667 0.22 0.113333 0.246667 0.0133333 0.02
 0.0133333 0.0266667 0.213333 0.386667 0.153333 0.0933333 0.0866667 0.0266667
 0 0.0933333 0.213333 0.22 0.326667 0.08 0.04 0.0266667
 0 0.0466667 0.24 0.213333 0.26 0.166667 0.0266667 0.0466667
 0.00666667 0.04 0.253333 0.293333 0.226667 0.08 0.0733333 0.0266667
 0 0.0133333 0.173333 0.293333 0.266667 0.106667 0.04 0.106667
#OBS_catch_prop_N_EM
 150
 150
 150
 150
 150
 150
 150
 150
 150
 150
 150
 150
 150
 150
 150
 150
 150
 150
 150
 150
 150
 150
 150
 150
 150
 150
 150
 150
 150
 150
 150
 150
 150
 150
 150
 150
 150
 150
 150
 150
 150
 150
 150
 150
 150
 150
 150
 150
 150
 150
 150
 150
 150
 150
 150
 150
 150
 150
 150
 150

#nyrs_release
7
#years_of_tag_releases 
 1 5 10 15 20 25 30
#max_life_tags
5
#age_full_selection
 8 8 8 8 8 8 8 8 8 8 8 8 8 8 8 8 8 8 8 8 8 8 8 8 8 8 8 8 8 8
 8 8 8 8 8 8 8 8 8 8 8 8 8 8 8 8 8 8 8 8 8 8 8 8 8 8 8 8 8 8
#input_report_rate_EM
 0.7
 0.8
#ntags
 48.1022 337.765 978.657 773.44 455.578 413.357 265.42 216.124
 104.86 662.024 730.864 409.763 405.785 276.707 178.137 437.204
 102.497 514.648 1281.66 796.607 274.665 251.269 130.425 116.973
 51.541 723.083 1418.8 548.829 178.611 255.269 99.0776 106.272
 78.4456 593.149 1052.96 633.598 620.494 163.422 106.805 61.5929
 59.5974 490.027 1742.18 443.858 416.225 251.846 86.7661 74.1254
 203.54 442.416 540.906 848.913 864.038 240.729 100.551 211.029
 26.0879 117.539 318.919 409.299 243.627 176.251 131.854 87.9798
 38.9526 229.2 571.121 250.482 240.973 143.262 151.455 169.208
 23.1722 184.638 385.118 466.158 168.05 156.339 77.022 70.7612
 74.2142 295.96 687.599 294.026 72.523 108.018 45.6956 40.4855
 210.478 333.228 391.433 262.486 334.162 91.5508 44.0537 22.1456
 62.7374 116.734 619.43 243.755 147.2 177.896 44.4421 23.1787
 93.0921 140.868 307.858 367.064 355.76 117.811 66.3568 99.0687
#ntags_total
 5000 5000 5000 5000 5000 5000 5000
#tag_N_EM
 200 200 200 200 200 200 200 200
 200 200 200 200 200 200 200 200
 200 200 200 200 200 200 200 200
 200 200 200 200 200 200 200 200
 200 200 200 200 200 200 200 200
 200 200 200 200 200 200 200 200
 200 200 200 200 200 200 200 200
 200 200 200 200 200 200 200 200
 200 200 200 200 200 200 200 200
 200 200 200 200 200 200 200 200
 200 200 200 200 200 200 200 200
 200 200 200 200 200 200 200 200
 200 200 200 200 200 200 200 200
 200 200 200 200 200 200 200 200

#input_T_EM
 0.85
 0.15
 0.85
 0.15
 0.85
 0.15
 0.85
 0.15
 0.85
 0.15
 0.85
 0.15
 0.85
 0.15
 0.85
 0.15

 0.25
 0.75
 0.25
 0.75
 0.25
 0.75
 0.25
 0.75
 0.25
 0.75
 0.25
 0.75
 0.25
 0.75
 0.25
 0.75


#OBS_tag_prop_final
 0.005 0 0.01 0.015 0.035 0.02 0.025 0.035 0.03 0.03 0.795
 0.025 0 0.055 0.025 0.035 0.035 0.03 0.04 0.025 0.015 0.715
 0.015 0.01 0.08 0.03 0.025 0.045 0.04 0.01 0.02 0.005 0.72
 0.025 0.04 0.035 0.055 0.035 0.04 0.04 0.03 0.02 0 0.68
 0.085 0.05 0.03 0.04 0.03 0.035 0.035 0.025 0.025 0 0.645
 0.04 0.035 0.065 0.025 0.035 0.005 0.095 0.03 0.02 0 0.65
 0.07 0.01 0.065 0.02 0.035 0.01 0.045 0.03 0.01 0.005 0.7
 0.105 0 0.07 0.02 0.06 0.015 0.065 0.02 0.02 0.01 0.615
 0.005 0 0.015 0.01 0.09 0.07 0.05 0.035 0.03 0.025 0.67
 0.015 0 0.075 0.025 0.075 0.05 0.035 0.005 0.015 0.005 0.7
 0.04 0.05 0.05 0.11 0.065 0.05 0.01 0.025 0 0.01 0.59
 0.105 0.03 0.085 0.035 0.065 0.035 0 0.01 0.005 0.005 0.625
 0.115 0.065 0.07 0.06 0.06 0.005 0.015 0.01 0.005 0.02 0.575
 0.145 0.02 0.105 0.02 0.085 0.01 0.025 0.01 0.01 0.015 0.555
 0.145 0.065 0.06 0.025 0.055 0.025 0.02 0.01 0.01 0.005 0.58
 0.185 0.005 0.115 0.02 0.095 0.015 0.03 0.005 0.025 0 0.505
 0.02 0 0.055 0.06 0.04 0.09 0.05 0.015 0.02 0.02 0.63
 0.04 0.005 0.115 0.045 0.07 0.025 0.01 0.035 0.01 0.015 0.63
 0.085 0.015 0.105 0.055 0.035 0.035 0.025 0.02 0.015 0.005 0.605
 0.2 0.045 0.095 0.01 0.03 0.02 0.015 0.015 0.01 0 0.56
 0.205 0.085 0.1 0.065 0.035 0.035 0.02 0.01 0 0.005 0.44
 0.265 0.035 0.095 0.03 0.035 0.04 0.035 0 0.01 0 0.455
 0.27 0.05 0.105 0.035 0.05 0.025 0.01 0.02 0 0.005 0.43
 0.22 0.03 0.1 0.01 0.04 0.03 0.025 0.01 0.01 0 0.525
 0 0 0.08 0.015 0.11 0.055 0.045 0.04 0.01 0.01 0.635
 0.055 0.005 0.115 0.07 0.065 0.055 0.015 0.01 0.01 0.005 0.595
 0.09 0.08 0.11 0.08 0.025 0.035 0.005 0.01 0 0.005 0.56
 0.165 0.095 0.09 0.035 0.04 0.015 0.025 0 0.01 0 0.525
 0.26 0.055 0.125 0.025 0.06 0 0.015 0 0 0 0.46
 0.27 0.04 0.13 0.025 0.02 0.01 0.01 0.01 0.01 0 0.475
 0.335 0.045 0.09 0.025 0.015 0 0.04 0.005 0.005 0 0.44
 0.345 0.025 0.11 0.03 0.065 0.015 0.01 0.015 0 0 0.385
 0.005 0 0.025 0.025 0.075 0.055 0.02 0.035 0.03 0.02 0.71
 0.025 0.005 0.135 0.03 0.06 0.035 0.03 0.01 0.025 0 0.645
 0.09 0.01 0.085 0.075 0.06 0.015 0.025 0.005 0.02 0 0.615
 0.14 0.06 0.095 0.065 0.06 0 0.01 0.01 0.005 0 0.555
 0.215 0.105 0.075 0.03 0.04 0.01 0.035 0.005 0.02 0 0.465
 0.315 0.005 0.07 0.015 0.065 0.02 0.025 0.005 0.015 0 0.465
 0.295 0.02 0.125 0.015 0.085 0 0.02 0 0.02 0.005 0.415
 0.255 0.005 0.08 0.005 0.07 0.005 0.035 0 0.01 0 0.535
 0.005 0 0.04 0.04 0.035 0.005 0.035 0.03 0.02 0.04 0.75
 0.03 0 0.035 0.015 0.04 0.015 0.06 0.03 0.015 0.01 0.75
 0.05 0.085 0.035 0.05 0.005 0 0.04 0.025 0.005 0.025 0.68
 0.145 0.04 0.07 0.02 0.035 0 0.035 0.01 0.005 0.015 0.625
 0.17 0.085 0.04 0.055 0.015 0 0.045 0.01 0.01 0.005 0.565
 0.225 0.04 0.04 0.01 0.045 0 0.045 0.01 0.015 0.005 0.565
 0.19 0.035 0.045 0.005 0.03 0.005 0.05 0.02 0.025 0.01 0.585
 0.145 0.045 0.075 0.02 0.035 0.005 0.04 0.015 0.015 0.005 0.6
 0 0 0 0 0 0 0 0 0 0 1
 0.01 0 0 0 0 0 0 0 0 0 0.99
 0.015 0.015 0 0 0 0 0 0 0 0 0.97
 0.04 0.02 0 0 0 0 0 0 0 0 0.94
 0.01 0.015 0 0 0 0 0 0 0 0 0.975
 0.045 0 0 0 0 0 0 0 0 0 0.955
 0.035 0.01 0 0 0 0 0 0 0 0 0.955
 0.08 0.005 0 0 0 0 0 0 0 0 0.915
 0 0 0.015 0.04 0.015 0.04 0.05 0.02 0.015 0.03 0.775
 0 0.005 0.03 0.07 0.03 0.045 0.02 0.025 0.01 0.03 0.735
 0.01 0.035 0.03 0.065 0.045 0.04 0.025 0.02 0.03 0.02 0.68
 0.025 0.095 0.02 0.055 0.02 0.03 0.02 0.02 0.02 0.01 0.685
 0.01 0.165 0.04 0.08 0.03 0.03 0.03 0.035 0.02 0.01 0.55
 0.01 0.105 0.01 0.1 0.015 0.04 0.015 0.015 0.02 0.005 0.665
 0.02 0.105 0.04 0.035 0.025 0.05 0.01 0.025 0.015 0.005 0.67
 0.025 0.125 0.045 0.09 0.02 0.055 0.015 0.005 0.01 0.005 0.605
 0 0 0.02 0.07 0.035 0.035 0.02 0.035 0.01 0.02 0.755
 0 0 0.04 0.09 0.03 0.075 0.025 0.05 0.01 0 0.68
 0.005 0.065 0.01 0.14 0.015 0.055 0.015 0.015 0.01 0.005 0.665
 0.02 0.155 0.02 0.13 0.02 0.05 0.025 0.02 0 0.005 0.555
 0.055 0.12 0.04 0.055 0.095 0.045 0.015 0.02 0.01 0 0.545
 0.03 0.18 0.045 0.075 0.035 0.04 0.01 0.025 0.015 0.015 0.53
 0.015 0.185 0.025 0.1 0.055 0.035 0.02 0.025 0.01 0.015 0.515
 0.045 0.135 0.025 0.065 0.05 0.045 0.005 0.03 0.01 0.005 0.585
 0 0.01 0.025 0.095 0.04 0.105 0.04 0.05 0.01 0.02 0.605
 0 0.025 0.005 0.16 0.025 0.06 0.025 0.01 0.01 0.01 0.67
 0.015 0.075 0.065 0.09 0.02 0.03 0.005 0.015 0.005 0.01 0.67
 0.03 0.21 0 0.16 0.005 0.04 0.005 0.02 0.01 0.005 0.515
 0.045 0.25 0.07 0.1 0.035 0.03 0 0.02 0.005 0 0.445
 0.045 0.245 0.02 0.115 0.025 0.04 0.015 0.02 0.01 0.01 0.455
 0.085 0.185 0.06 0.08 0.03 0.04 0.01 0.02 0.005 0.005 0.48
 0.035 0.255 0.035 0.165 0.025 0.055 0.015 0.015 0 0.01 0.39
 0 0.01 0.035 0.08 0.06 0.065 0.02 0.065 0.005 0.025 0.635
 0.005 0.02 0.055 0.16 0.045 0.04 0.02 0.025 0 0 0.63
 0.035 0.185 0.065 0.105 0 0.03 0.015 0.01 0.01 0 0.545
 0.015 0.28 0.015 0.13 0.005 0.04 0.005 0.015 0.005 0 0.49
 0.035 0.345 0.005 0.13 0.015 0.045 0 0.01 0 0.01 0.405
 0 0.385 0.01 0.11 0.005 0.04 0 0.025 0 0.01 0.415
 0.03 0.395 0.015 0.11 0 0.03 0.005 0.015 0 0.005 0.395
 0.035 0.41 0.035 0.08 0.005 0.065 0 0.015 0 0 0.355
 0 0 0.015 0.055 0.06 0.05 0.03 0.065 0.01 0.015 0.7
 0 0.03 0.06 0.155 0 0.06 0 0.025 0 0.01 0.66
 0.02 0.145 0.035 0.07 0.03 0.015 0.015 0.015 0.005 0 0.65
 0.065 0.215 0.035 0.12 0.01 0.02 0.005 0.005 0 0.005 0.52
 0.015 0.295 0.035 0.11 0.01 0.045 0 0.005 0.005 0 0.48
 0 0.345 0.005 0.155 0.01 0.02 0.005 0.015 0 0.005 0.44
 0.025 0.285 0.005 0.14 0.01 0.07 0 0.02 0 0.01 0.435
 0.01 0.375 0.005 0.105 0.005 0.065 0 0.01 0 0 0.425
 0 0 0 0.075 0.015 0.01 0.025 0.02 0.005 0.035 0.815
 0 0.015 0.01 0.115 0.005 0.005 0 0.02 0.01 0.035 0.785
 0.01 0.085 0.025 0.085 0.01 0.025 0.025 0.015 0.005 0.005 0.71
 0.015 0.325 0.01 0.105 0.01 0 0 0.015 0 0.015 0.505
 0.055 0.235 0.02 0.065 0.01 0.005 0.01 0.015 0.02 0.02 0.545
 0.01 0.305 0.015 0.1 0.005 0.01 0.01 0.025 0 0.015 0.505
 0.02 0.355 0.01 0.07 0 0.015 0.005 0.015 0 0.015 0.495
 0.01 0.365 0 0.085 0.005 0.01 0 0.025 0.005 0.005 0.49
 0 0 0 0 0 0 0 0 0 0 1
 0 0 0 0 0 0 0 0 0 0 1
 0.005 0.04 0 0 0 0 0 0 0 0 0.955
 0 0.065 0 0 0 0 0 0 0 0 0.935
 0.005 0.06 0 0 0 0 0 0 0 0 0.935
 0 0.07 0 0 0 0 0 0 0 0 0.93
 0 0.035 0 0 0 0 0 0 0 0 0.965
 0.01 0.085 0 0 0 0 0 0 0 0 0.905
#OBS_tag_prop_final_no_age
 0 0 0 0 0 0 0 0 0 0 0
 0 0 0 0 0 0 0 0 0 0 0
 0 0 0 0 0 0 0 0 0 0 0
 0 0 0 0 0 0 0 0 0 0 0
 0 0 0 0 0 0 0 0 0 0 0
 0 0 0 0 0 0 0 0 0 0 0
 0 0 0 0 0 0 0 0 0 0 0
 0 0 0 0 0 0 0 0 0 0 0
 0 0 0 0 0 0 0 0 0 0 0
 0 0 0 0 0 0 0 0 0 0 0
 0 0 0 0 0 0 0 0 0 0 0
 0 0 0 0 0 0 0 0 0 0 0
 0 0 0 0 0 0 0 0 0 0 0
 0 0 0 0 0 0 0 0 0 0 0
#input_M_EM
 0.2 0.2 0.2 0.2 0.2 0.2 0.2 0.2
 0.25 0.25 0.25 0.25 0.25 0.25 0.25 0.25
#input_Rec_Prop_EM
 1 1 1 1 1 1 1 1 1 1 1 1 1 1 1 1 1 1 1 1 1 1 1 1 1 1 1 1 1 1
 1 1 1 1 1 1 1 1 1 1 1 1 1 1 1 1 1 1 1 1 1 1 1 1 1 1 1 1 1 1
#input_selectivity_EM
 0.05
 0.1
 0.25
 0.68
 0.95
 0.99
 1
 1
 0.01
 0.05
 0.37
 0.84
 0.97
 1
 1
 1

#input_survey_selectivity_EM
 0.03
 0.3
 0.75
 0.95
 1
 1
 1
 1
 0.05
 0.2
 0.69
 0.9
 1
 1
 1
 1

#input_dist_init_abund
 1
 0
 0
 1
#init_abund_EM
 6000 5000 5040 4320 3000 2500 1500 1000
 0 0 0 0 0 0 0 0
 0 0 0 0 0 0 0 0
 4000 3500 4000 3000 1250 1000 900 800

#frac_natal_true
 1
 0
 0
 1
#frac_natal_true_age
 1 1 1 1 1 1 1 1
 0 0 0 0 0 0 0 0
 0 0 0 0 0 0 0 0
 1 1 1 1 1 1 1 1
#input_M_TRUE
 0.2 0.2 0.2 0.2 0.2 0.2 0.2 0.2
 0.25 0.25 0.25 0.25 0.25 0.25 0.25 0.25
#init_abund_TRUE
 6000 5000 5040 4320 3000 2500 1500 1000
 0 0 0 0 0 0 0 0
 0 0 0 0 0 0 0 0
 4000 3500 4000 3000 1250 1000 900 800
#q_survey
 0.0015
 0.001
#sel_beta1
 1.31426
 2.44878
#sel_beta2
 3.75925
 3.16045
#sel_beta3
 -0.6
 -0.6
#sel_beta4
 20
 20
#sel_beta1_survey
 2.51256
 1.81389
#sel_beta2_survey
 2.31079
 2.64324
#sel_beta3_survey
 -0.6
 -0.6
#sel_beta4_survey
 20
 20
#steep
 0.7 0.7
#R_ave
 6000 4000
#SSB_zero
 55889.1 26502.8
#rec_devs
 0.496213 0.734015 1.52927 1.46611 1.83732 0.985516 1.11489 1.40036 1.06207 1.65344 0.253886 0.558373 0.863818 1.02004 0.494977 0.931096 0.471139 0.612213 0.58893 0.511328 0.813862 0.401553 2.16251 0.985205 0.696045 1.77171 0.587228 0.37975 0.908585 2.45957
 0.751704 0.74909 0.962098 1.77165 1.02416 0.560086 1.47957 0.822441 0.938962 0.249257 0.42485 0.569356 1.17383 0.828658 1.01503 1.44997 0.654307 0.61991 1.08285 2.49647 0.830449 0.956786 1.00861 0.434476 0.92775 1.29721 1.58778 0.867219 0.478239 1.61028
#Rec_Prop
 1 1 1 1 1 1 1 1 1 1 1 1 1 1 1 1 1 1 1 1 1 1 1 1 1 1 1 1 1
 1 1 1 1 1 1 1 1 1 1 1 1 1 1 1 1 1 1 1 1 1 1 1 1 1 1 1 1 1
#recruits_BM
 6000 3928.63 8212.1 7785.71 9489.7 4851.45 5257.44 6527.37 4675.4 7105.87 1023.58 2170.24 3243.89 3579.44 1516.39 2481.1 1131.67 1483.21 1464.93 1192.04 1768.09 836.078 4559.83 2187 1656.29 4547.13 1586.09 1153.42 2882.03 7978.56
 4000 2911.29 3758.13 6897.17 3937.3 2105.12 5477.52 3000.19 3365.95 871.586 1412.28 1836.91 3567.6 2384.75 2647.54 3419.21 1459.59 1374.22 2304.31 5210.29 1714.7 1857.19 2017.84 968.944 2275.36 3192.23 3600.98 2161.74 1381.7 4706.54
#F
 0.00518456 0.018025 0.053873 0.11569 0.167252 0.190005 0.197213 0.199243
 0.00641842 0.0223148 0.0666941 0.143223 0.207056 0.235223 0.244147 0.246661
 0.00705905 0.024542 0.0733509 0.157518 0.227723 0.258701 0.268515 0.27128
 0.0101611 0.035327 0.105585 0.226739 0.327795 0.372387 0.386513 0.390493
 0.00946452 0.0329051 0.0983463 0.211194 0.305323 0.346857 0.360016 0.363723
 0.00997149 0.0346676 0.103614 0.222507 0.321677 0.365437 0.3793 0.383206
 0.0175437 0.0609936 0.182297 0.391475 0.565953 0.642943 0.667334 0.674205
 0.0128065 0.044524 0.133073 0.285768 0.413134 0.469335 0.487139 0.492155
 0.0160583 0.0558297 0.166863 0.358331 0.518037 0.588509 0.610834 0.617124
 0.0176515 0.0613686 0.183417 0.393881 0.569432 0.646895 0.671436 0.67835
 0.0164744 0.0572761 0.171186 0.367615 0.531458 0.603756 0.62666 0.633113
 0.0154429 0.0536899 0.160468 0.344598 0.498183 0.565954 0.587424 0.593472
 0.0186677 0.0649015 0.193977 0.416557 0.602214 0.684136 0.710089 0.717401
 0.0158843 0.0552246 0.165054 0.354447 0.512423 0.58213 0.604214 0.610436
 0.0199549 0.0693767 0.207352 0.44528 0.643738 0.73131 0.759053 0.766869
 0.0203459 0.0707362 0.211415 0.454005 0.656353 0.74564 0.773927 0.781896
 0.0191907 0.06672 0.199412 0.428228 0.619087 0.703305 0.729985 0.737502
 0.0187134 0.0650604 0.194452 0.417577 0.603688 0.685811 0.711828 0.719158
 0.0181247 0.0630138 0.188335 0.404441 0.584698 0.664238 0.689437 0.696536
 0.015564 0.054111 0.161726 0.3473 0.50209 0.570392 0.592031 0.598127
 0.0137606 0.0478412 0.142987 0.307059 0.443913 0.504302 0.523433 0.528823
 0.0142309 0.0494763 0.147874 0.317554 0.459085 0.521538 0.541322 0.546897
 0.00917555 0.0319004 0.0953435 0.204746 0.296001 0.336267 0.349024 0.352618
 0.0114567 0.0398312 0.119047 0.255649 0.36959 0.419867 0.435795 0.440283
 0.00980127 0.0340758 0.101845 0.218709 0.316186 0.359199 0.372825 0.376664
 0.00664389 0.0230987 0.0690369 0.148254 0.21433 0.243486 0.252723 0.255326
 0.00578005 0.0200953 0.0600607 0.128978 0.186463 0.211828 0.219864 0.222128
 0.0116726 0.040582 0.121291 0.260467 0.376555 0.42778 0.444009 0.448581
 0.00765457 0.0266125 0.079539 0.170807 0.246934 0.280526 0.291168 0.294166
 0.00259228 0.00901252 0.0269365 0.057845 0.0836262 0.0950024 0.0986063 0.0996217
 0.00125354 0.0137781 0.100754 0.221635 0.247266 0.249761 0.249979 0.249998
 0.00140303 0.0154212 0.112769 0.248066 0.276754 0.279547 0.279791 0.279812
 0.00151854 0.0166909 0.122054 0.268489 0.299539 0.302562 0.302826 0.302849
 0.00166202 0.018268 0.133586 0.293858 0.327842 0.33115 0.331439 0.331464
 0.00166061 0.0182525 0.133473 0.293609 0.327564 0.33087 0.331158 0.331183
 0.00218391 0.0240042 0.175533 0.386131 0.430786 0.435134 0.435514 0.435546
 0.0024779 0.0272355 0.199163 0.43811 0.488776 0.493709 0.49414 0.494177
 0.00277969 0.0305526 0.223419 0.491469 0.548306 0.553839 0.554323 0.554365
 0.00283319 0.0311407 0.22772 0.500929 0.55886 0.5645 0.564993 0.565035
 0.00247525 0.0272064 0.19895 0.437642 0.488253 0.493181 0.493612 0.493649
 0.00345528 0.0379783 0.27772 0.610918 0.681569 0.688447 0.689048 0.6891
 0.00344065 0.0378175 0.276545 0.608332 0.678683 0.685533 0.686131 0.686183
 0.00380825 0.0418579 0.30609 0.673326 0.751193 0.758775 0.759437 0.759494
 0.00373999 0.0411077 0.300604 0.661258 0.737729 0.745175 0.745825 0.745882
 0.00425975 0.0468206 0.34238 0.753155 0.840254 0.848734 0.849475 0.849539
 0.00433416 0.0476385 0.348361 0.766312 0.854933 0.863561 0.864315 0.86438
 0.00415989 0.045723 0.334354 0.735499 0.820557 0.828838 0.829561 0.829624
 0.00391857 0.0430705 0.314958 0.692832 0.772955 0.780756 0.781438 0.781496
 0.00390195 0.0428879 0.313622 0.689893 0.769677 0.777445 0.778123 0.778182
 0.00319069 0.0350701 0.256454 0.564137 0.629378 0.63573 0.636285 0.636333
 0.0036464 0.040079 0.293082 0.64471 0.719269 0.726528 0.727162 0.727217
 0.00277474 0.0304983 0.223022 0.490595 0.54733 0.552854 0.553337 0.553379
 0.00315968 0.0347293 0.253962 0.558655 0.623262 0.629552 0.630102 0.630149
 0.00205785 0.0226186 0.165401 0.363843 0.40592 0.410017 0.410375 0.410406
 0.00336157 0.0369483 0.270189 0.59435 0.663085 0.669777 0.670361 0.670412
 0.00235476 0.0258821 0.189266 0.416339 0.464487 0.469175 0.469585 0.46962
 0.000626769 0.00688906 0.050377 0.110817 0.123633 0.124881 0.12499 0.124999
 0.00142607 0.0156745 0.114621 0.252139 0.281298 0.284137 0.284385 0.284407
 0.0022348 0.0245636 0.179624 0.39513 0.440825 0.445274 0.445662 0.445696
 0.000626769 0.00688906 0.050377 0.110817 0.123633 0.124881 0.12499 0.124999
#Fyear
 0.2
 0.247597
 0.27231
 0.391976
 0.365104
 0.384661
 0.676765
 0.494024
 0.619468
 0.680925
 0.635517
 0.595726
 0.720126
 0.612754
 0.769781
 0.784865
 0.740303
 0.721889
 0.699181
 0.600398
 0.530831
 0.548973
 0.353957
 0.441954
 0.378094
 0.256295
 0.222971
 0.450284
 0.295283
 0.1
 0.25
 0.279814
 0.302851
 0.331467
 0.331186
 0.43555
 0.49418
 0.554369
 0.565039
 0.493652
 0.689105
 0.686188
 0.7595
 0.745887
 0.849545
 0.864386
 0.82963
 0.781502
 0.778188
 0.636337
 0.727222
 0.553382
 0.630154
 0.410409
 0.670417
 0.469624
 0.125
 0.284409
 0.445699
 0.125
#biomass_AM
 70321.9 69508.7 66104 58947.1 50805.4 46295.2 45199.4 38754.8 35223.7 32429.7 28472.2 24450.1 21030.2 16958.1 14522.8 13917.6 12872.4 12907.9 11619.1 9960.88 10121.8 10291.4 11994.2 12657.2 13512.2 15932.3 17018.1 18155.5 19626.1 23064.9
 60634.4 57996.9 53621.2 51979.8 49494.7 48771.9 45449.1 38973.1 34662 29556.6 25873.2 21654.3 18634.7 14596.1 14776.7 14032.5 12782.4 10819.1 10533.4 11225 10649 12099.3 13053.3 12583.6 13593.5 12682.5 14774.3 19517.9 19181.5 19031.6
#biomass_population
 70321.9 69508.7 66104 58947.1 50805.4 46295.2 45199.4 38754.8 35223.7 32429.7 28472.2 24450.1 21030.2 16958.1 14522.8 13917.6 12872.4 12907.9 11619.1 9960.88 10121.8 10291.4 11994.2 12657.2 13512.2 15932.3 17018.1 18155.5 19626.1 23064.9
 60634.4 57996.9 53621.2 51979.8 49494.7 48771.9 45449.1 38973.1 34662 29556.6 25873.2 21654.3 18634.7 14596.1 14776.7 14032.5 12782.4 10819.1 10533.4 11225 10649 12099.3 13053.3 12583.6 13593.5 12682.5 14774.3 19517.9 19181.5 19031.6
#catch_at_age_fleet_prop
 0.0161717 0.0449992 0.144178 0.211189 0.177762 0.183164 0.122091 0.100445
 0.0108763 0.045153 0.110572 0.233497 0.20542 0.124524 0.106445 0.163513
 0.0244121 0.0326745 0.131107 0.189315 0.197758 0.161914 0.0779723 0.184848
 0.0278848 0.0669334 0.068493 0.22168 0.178975 0.13761 0.110355 0.188069
 0.038617 0.0966337 0.118057 0.122906 0.174296 0.135123 0.0903354 0.224031
 0.0209899 0.106866 0.154419 0.222983 0.100362 0.109499 0.0817297 0.203152
 0.0251458 0.0569316 0.207679 0.266438 0.168447 0.0622625 0.059609 0.153486
 0.0321782 0.0758447 0.126888 0.306412 0.217478 0.0988756 0.0361449 0.106178
 0.0273048 0.0916675 0.184885 0.188978 0.23903 0.134789 0.0584335 0.074912
 0.0404146 0.0804665 0.222163 0.257745 0.128068 0.133643 0.0721196 0.0653796
 0.00729644 0.109854 0.160942 0.313389 0.199727 0.0708429 0.0742461 0.0637022
 0.0178207 0.023904 0.220898 0.262195 0.253686 0.118202 0.0346679 0.0686264
 0.0345063 0.0599862 0.0649269 0.352553 0.217935 0.150691 0.0619053 0.0574965
 0.0446223 0.124193 0.152114 0.126128 0.283917 0.127922 0.0744086 0.0666949
 0.0227631 0.12665 0.275674 0.199417 0.0937404 0.15301 0.0617683 0.066977
 0.0369157 0.0637798 0.312049 0.33601 0.104143 0.0421287 0.0600756 0.0448985
 0.0176443 0.103171 0.180281 0.368383 0.216481 0.0535869 0.0181529 0.0422994
 0.0228872 0.0498097 0.302197 0.25403 0.223141 0.100858 0.0230393 0.0240383
 0.0267327 0.0685886 0.128329 0.444206 0.145115 0.11816 0.0474261 0.0214429
 0.0316194 0.0947931 0.186464 0.209112 0.29456 0.0884053 0.0600478 0.0349991
 0.0352932 0.101215 0.228624 0.250863 0.143541 0.15324 0.0441709 0.0430543
 0.017018 0.0902554 0.257853 0.28358 0.164158 0.0767144 0.0717884 0.0386326
 0.0674824 0.0462179 0.183945 0.365354 0.166996 0.0850124 0.0354054 0.0495871
 0.0332672 0.17477 0.108572 0.269786 0.220374 0.0998067 0.0476443 0.045779
 0.0246045 0.0801868 0.315506 0.149285 0.200511 0.137945 0.0493551 0.0426064
 0.0540937 0.0591061 0.136324 0.430144 0.0923919 0.110627 0.072738 0.0445757
 0.0192797 0.126264 0.14465 0.184607 0.329858 0.0629476 0.0626732 0.0697205
 0.0125403 0.056027 0.294577 0.210279 0.101545 0.213248 0.0382697 0.0735136
 0.0257173 0.0343239 0.155511 0.405579 0.15567 0.0624287 0.105703 0.0550674
 0.0667473 0.0574861 0.0776907 0.225798 0.328123 0.103772 0.0449894 0.095394
 0.00213486 0.0215151 0.154771 0.312558 0.194098 0.140222 0.104794 0.0699077
 0.00168878 0.020687 0.121294 0.247264 0.248284 0.145052 0.117237 0.0984934
 0.00247802 0.0167028 0.0960136 0.197053 0.260974 0.170695 0.110755 0.14533
 0.00505904 0.0330754 0.132726 0.174541 0.183145 0.196609 0.117534 0.15731
 0.00295903 0.038949 0.257543 0.178099 0.178853 0.106187 0.112147 0.125263
 0.00148094 0.0273647 0.292559 0.287371 0.121507 0.104404 0.0567281 0.108586
 0.00409632 0.0160965 0.209948 0.357795 0.204187 0.0664505 0.0567695 0.0846578
 0.0030581 0.0432978 0.120013 0.340267 0.25443 0.122262 0.0349097 0.0817628
 0.00371134 0.0358429 0.260831 0.185696 0.251138 0.139561 0.0607093 0.0625103
 0.00196852 0.0350948 0.194648 0.373386 0.140707 0.130743 0.0643479 0.0591037
 0.00199446 0.0262225 0.251806 0.285277 0.236704 0.0755385 0.0582403 0.0642177
 0.00304783 0.019499 0.246691 0.324546 0.188002 0.119067 0.0393578 0.0597892
 0.00757194 0.0343661 0.123529 0.380682 0.226624 0.11402 0.0656617 0.0475456
 0.00717639 0.0798319 0.241528 0.148998 0.278734 0.126604 0.0664273 0.0507004
 0.0071474 0.0638018 0.39642 0.272911 0.070682 0.105197 0.0444597 0.0393815
 0.0096051 0.0611237 0.247593 0.436884 0.149298 0.0259901 0.0369624 0.0325433
 0.00434366 0.0867323 0.253199 0.35037 0.219493 0.0517058 0.00914383 0.0250119
 0.00467117 0.0403652 0.339313 0.271811 0.216917 0.0937268 0.0197979 0.0133972
 0.00839606 0.044075 0.200458 0.398059 0.204807 0.0933415 0.0378609 0.0130032
 0.0197142 0.0698457 0.218625 0.233632 0.311399 0.0852248 0.0409694 0.0205904
 0.00659158 0.149663 0.294684 0.239637 0.125805 0.129087 0.0307522 0.023782
 0.00500553 0.0405139 0.485082 0.26886 0.107282 0.0381578 0.0384603 0.0166385
 0.00625315 0.0378549 0.18595 0.510337 0.172713 0.0476478 0.0163535 0.0228906
 0.00277211 0.0590558 0.189844 0.235268 0.383177 0.0881621 0.0228965 0.0188255
 0.00611793 0.0254752 0.360405 0.226349 0.143169 0.17285 0.0431394 0.0224941
 0.0090712 0.0529105 0.173119 0.423038 0.158251 0.074541 0.0776275 0.0314426
 0.00804642 0.0717825 0.202355 0.232552 0.319021 0.0742078 0.0416755 0.0503602
 0.00375705 0.0492114 0.273373 0.229203 0.197246 0.164316 0.0353814 0.047512
 0.00261348 0.0304289 0.199486 0.355109 0.160641 0.109195 0.0961918 0.0463339
 0.00786841 0.0266292 0.154105 0.288414 0.291447 0.0963714 0.0542258 0.0809386
#yield_fleet
 8515.11
 10544.5
 10823.2
 13180.7
 10136
 9302.33
 14197.5
 9274.12
 10137.3
 9483.3
 8240.21
 7099.07
 7168.08
 4682.46
 4531.44
 4096.59
 3887.59
 3872.86
 3545.28
 2668.74
 2328.56
 2458.78
 1864.04
 2433.48
 2353.21
 1934.36
 1949.82
 4010.23
 3003.84
 1261.78
 10023.7
 10992.8
 11078.6
 10824.2
 9738.25
 12150.8
 12763.9
 12253.3
 10534
 8341.4
 9439.28
 7842.24
 7114.42
 5000.05
 5095.84
 5028.47
 4572.9
 3858
 3785.04
 2925.86
 3008.95
 2917.34
 4071.93
 2897.23
 4370.45
 3009.87
 1028.08
 3146.63
 4965.05
 1493.55
#survey_at_age_fleet_prop
 0.013789 0.096824 0.280543 0.221715 0.130596 0.118493 0.0760855 0.0619543
 0.00961463 0.10072 0.223001 0.253958 0.156266 0.0833903 0.0686616 0.104389
 0.0217657 0.073509 0.266651 0.207589 0.151623 0.109267 0.0506816 0.118914
 0.0254213 0.153947 0.142335 0.248 0.13976 0.0945 0.0729701 0.123067
 0.0327142 0.206538 0.228014 0.127837 0.126596 0.0863269 0.0555751 0.136398
 0.0162718 0.209009 0.272887 0.212157 0.0666608 0.0639627 0.0459704 0.113081
 0.0192636 0.109989 0.361913 0.24877 0.109149 0.03537 0.0325718 0.0829733
 0.0257576 0.153146 0.231367 0.300327 0.148521 0.0593252 0.0208752 0.0606804
 0.0208762 0.176761 0.321699 0.176371 0.155028 0.0766973 0.0319901 0.0405767
 0.0295489 0.148367 0.369488 0.229653 0.0791829 0.0724382 0.0376 0.0337221
 0.00539231 0.204752 0.270654 0.282597 0.125113 0.0389263 0.0392482 0.0333167
 0.0139411 0.0471648 0.393351 0.250536 0.168545 0.0689187 0.0194495 0.0380939
 0.0302059 0.132416 0.129242 0.375676 0.160988 0.0975338 0.038533 0.0354047
 0.0344631 0.241916 0.267382 0.11893 0.186072 0.0735599 0.0411678 0.0365091
 0.0152421 0.213836 0.419578 0.162305 0.0528204 0.0754902 0.0293001 0.0314278
 0.0244853 0.106667 0.470396 0.270769 0.058077 0.0205662 0.028195 0.0208441
 0.0125986 0.185763 0.292671 0.320004 0.130295 0.0282517 0.00920291 0.0212138
 0.0158827 0.0871643 0.47687 0.214579 0.130659 0.0517442 0.0113672 0.0117328
 0.0206975 0.133917 0.225976 0.418905 0.0949191 0.0677389 0.0261495 0.0116965
 0.0236963 0.179174 0.318069 0.191393 0.187434 0.0493653 0.0322628 0.0186055
 0.0248976 0.180105 0.367292 0.216508 0.0862544 0.0808701 0.0224352 0.0216383
 0.0116981 0.156489 0.403596 0.238376 0.0960414 0.0394091 0.0354913 0.0188985
 0.0510874 0.0882778 0.317505 0.339668 0.108435 0.0485589 0.0194748 0.0269933
 0.0240551 0.318806 0.178897 0.239142 0.136238 0.0542365 0.0249259 0.0237005
 0.0167191 0.137469 0.488742 0.124517 0.116765 0.0706514 0.0243408 0.0207947
 0.0418715 0.115445 0.240731 0.409593 0.0615273 0.0648509 0.0410709 0.0249105
 0.0145715 0.24081 0.249455 0.171731 0.214679 0.0360703 0.0345938 0.0380888
 0.00889316 0.100233 0.476011 0.182773 0.0615477 0.113605 0.0196275 0.03731
 0.0203573 0.0685556 0.280769 0.394686 0.105892 0.0373726 0.0609451 0.0314228
 0.0589609 0.128158 0.156688 0.24591 0.250292 0.0697335 0.0291274 0.0611302
 0.017259 0.0777603 0.210987 0.27078 0.161176 0.116602 0.0872308 0.0582048
 0.0140252 0.0768046 0.169802 0.219825 0.211532 0.123753 0.100123 0.0841355
 0.0210404 0.0633994 0.137382 0.178954 0.227091 0.148737 0.0966049 0.126792
 0.0395408 0.115561 0.174752 0.145746 0.146505 0.157488 0.0942419 0.126165
 0.0217048 0.127713 0.318234 0.139571 0.134273 0.0798273 0.0843923 0.0942846
 0.0111038 0.0917071 0.369002 0.229164 0.0927445 0.0797912 0.0433981 0.0830895
